-0.651813503305
3.11756655649
-2.29011284369
2.54858694218
0.794336459493
2.53860278762
3.18776563573
2.30002849951
2.38870336886
-0.105060288132
1.16611271963
2.39729276711
2.61353241832
1.64832284004
-0.469754630478
3.11166817004
3.02499117104
3.07660183148
0.653769336717
4.18714876689
3.30913875344
2.9495181941
2.90246130304
-0.303161150372
1.21915731388
2.92090804879
3.25749935248
2.65622797631
-1.07192841471
-2.01417719874
3.09075690916
-1.64601435532
-2.03859570298
1.38082851283
1.72324841542
2.13950589833
1.75126393179
2.87622716033
-1.06185729013
-0.752133805968
0.0257873962036
1.02719099572
0.97718272631
1.46692713606
0.00031019256993
-0.898312299538
0.468606272355
2.92979375843
0.175072820075
-1.16890959582
3.40143824115
0.787217977802
1.71057491128
2.68378791988
2.62265965593
1.21150400318
0.591908171817
0.129282340071
0.100424225156
-0.355396187956
1.9950266042
2.09554940692
2.41336656557
2.03167914841
2.98493299296
2.76751096251
-0.755849969718
2.96188456313
-0.218275975827
-0.918954928886
1.76879103373
0.413797115008
0.251649370401
2.09889747189
1.0172246671
1.12894355342
3.15478277089
-0.1947445757
0.193460816136
0.253104814504
2.88397966087
3.77883506968
2.22758866753
3.38341714193
3.70692170398
1.04482200515
3.99235693584
1.49708334023
-1.00244967219
2.31925104815
1.89987145907
2.09160480572
2.38323420616
3.15964269366
2.46399779196
5.19658626059
-0.66510957798
0.456174334762
0.208045513682
-0.857819711597
