2.54888696554
0.0636243101452
3.2562299444
1.76698254074
2.14372929799
0.414653459299
1.89417199735
-0.111988936182
1.62432276417
-0.492820590705
0.413194936345
1.52415256349
3.23696013454
2.89880244878
2.20442124544
2.08678947215
3.04131982897
0.151133884121
0.645018041474
3.93849885446
-1.30098080042
3.17876579617
2.61873794991
-1.2459802019
1.7883175015
3.47991735036
3.16184638042
2.73992981101
3.18959418475
-1.41272799101
2.35673134731
-0.56965299617
2.78587923509
3.92720207027
2.559996954
1.08137268731
-0.184984910213
0.476096439847
-0.0298633502806
2.32440622777
5.36337991869
-0.875016234274
4.49617739846
1.1686391326
4.15376562629
-0.666842494166
2.79866678664
0.27238505802
3.82296285467
1.54406199389
1.50783784933
3.30726862447
2.4466397186
-0.772541442761
1.18716361815
1.60114075802
4.79956037606
-0.157918465775
4.83219520601
2.54483523534
3.42210457484
-0.461829073791
0.881865236433
2.16716895555
0.00608923561825
3.47653985452
1.86063802516
0.622650882656
1.00238341228
0.390082846728
2.13377272775
1.68350793779
1.45140720571
-0.620313104881
0.477947780352
-0.18346180847
-0.143861226296
2.90456999671
2.73146200887
4.05290164141
1.01114289203
-0.00694767908555
0.105450793539
1.45536885377
0.668510948471
0.466613254229
3.35105290833
-1.73698043198
0.69170020118
1.94585488872
0.776054819222
3.11138824605
1.80797992232
1.41586934491
0.63257574371
3.1564323334
2.26889167117
3.39093440028
4.63978509495
3.4357275669
