3.75238255044
-0.0257787239888
1.62259855102
0.291532432871
2.03177443602
-1.89048232292
-0.732802799601
3.01095655886
4.0264679729
1.06673054796
2.60934946585
0.602956703451
2.14746515399
0.899775288
-0.786955542912
-0.655371045649
-1.12249452523
-1.39236453132
2.29611308992
3.02386871764
2.14198107626
-1.66309168344
-0.159072888838
1.72349964985
2.07941959107
2.81497164562
0.989513374578
3.15263066302
3.47002348449
3.64646164933
1.00622752246
-0.441589108996
1.16878584549
-0.629971788841
-0.28500168374
-0.680591101494
-0.00449060441784
-1.28343377694
0.944567249106
2.50155612468
-1.18488122429
1.00589156548
1.85883212604
0.167857718095
0.512415868791
0.759064803155
-1.88327428315
1.96948506429
0.0477385535231
-1.15734446426
-0.0904922602612
-0.402304178823
3.48257999148
-0.0751433577466
0.0133525232857
1.54736043573
2.44990215701
2.74339721912
-0.119059487878
2.95811847781
-1.38003463001
0.0783311765584
0.236612573924
2.01098027044
1.20793962462
3.22386216757
2.97004131049
0.875379910679
2.89060403879
0.0442091377113
0.116961775358
1.05728449865
3.55236269677
4.59200570862
0.55607630247
2.32800075864
-1.90416202374
2.60298019049
2.902983106
-0.163754449612
3.76935920555
3.08734625456
-0.111615014009
1.4919832645
3.68406351038
0.798788884295
-1.00291779816
1.20719058621
1.76980984195
2.20690322093
1.16432820729
0.641227406523
2.52944702903
-0.612925365336
-0.38276858696
1.23881929079
-0.461897073313
4.07156525721
2.59813639498
4.77788466444
