-1.35844507348
1.77830325634
2.93847328283
-2.38846438521
2.24012753068
1.67159706235
1.75310789803
-1.14832645466
-1.37272192079
0.357603281131
-0.230296109201
2.48430189066
2.46677456848
3.01210608818
0.881888697113
3.19657050438
2.03459696815
1.20374897643
-1.7396738805
0.579122288672
2.8383244494
3.93697259462
1.84663550891
3.84323640834
-0.16737513449
1.41900050362
0.292180616537
-1.83161514423
2.07364981368
3.37512233891
0.297667952648
2.26909706748
0.253694432151
0.451675565158
-0.00113194928267
-0.318969432509
0.573696946668
0.891847774551
0.362484834986
0.688359723525
-0.0511021048882
-0.525263264734
-1.55680095194
-0.374937584784
0.346962002898
3.44474624034
2.37417894425
3.27269258805
-0.317972811148
-0.444508663285
3.77828524667
4.23402092389
1.96846793735
-0.323335902272
1.64472147659
1.13363454166
-0.317136927543
4.00198960241
2.57688118477
-0.488004170395
1.18248947066
2.04271249538
-0.785636277036
3.1751315864
0.173857961276
1.11584942502
0.401838339722
2.00633505982
3.55864883663
-1.08354250825
2.72458400037
2.34524844859
1.17359183694
1.87539353013
-0.124562198729
2.84690694392
2.76460393052
0.331949571469
4.43951659725
2.24587145805
-0.0439537818696
-0.616921098066
3.58388487436
2.37812127702
0.215660722945
2.69643490482
3.21852147314
2.32266434812
1.5518854973
4.37125176597
1.22619833057
-0.315576621685
-0.170234002898
-0.072531490757
1.51237963121
1.77898952672
3.52034055736
2.06090236464
0.471134855783
0.558195830332
