1.39733272298
3.60928144775
-0.0449630848171
0.528075979616
3.78848708597
-0.49772792078
3.13603263484
-1.64822120684
3.25610615032
4.39301956284
3.18789023076
2.29171122737
3.60626333372
1.95672280809
1.08428748848
2.15724024398
3.17253893861
-0.206060044226
0.703417238906
2.81962897265
2.40145148345
2.09871299356
2.68637686382
1.95785595935
1.67927086122
2.05657764669
0.440510578706
1.99157543206
3.82640494743
-1.37325555004
0.345040638237
0.365477396569
0.726822845809
3.88330241156
1.61019605467
1.889810222
0.484177473597
1.98007766653
0.305922259776
-0.364821333143
-0.165524568846
-0.255774144404
-0.729559529381
1.68150599175
0.313907924193
-0.381621029422
2.77861264277
1.04094886097
2.80688687602
-0.273632056109
2.02424743932
0.828546412577
2.68453786148
1.80759306839
2.06557040291
0.894694889203
1.17354580899
-0.660222659644
1.5450795275
1.02319466278
-1.0153787514
2.15831405097
0.46392393933
0.257765539791
-0.164500061114
-0.595114762731
3.13807852086
0.50000512715
3.8168705219
3.08610144995
1.97853359808
4.23378164524
3.15412469694
-0.682072225004
-1.55505050655
-1.4879244264
1.87501720506
-0.460342859424
1.82040330607
2.14827291444
0.868031622502
0.162801060345
-0.715173845563
0.0175992666013
0.353853142953
0.631640774554
3.77534971376
1.35762532614
3.30216472182
0.950984266797
1.48576134131
-0.106604832269
-1.00891680552
0.292376138775
-0.471793572061
2.66873523065
1.90930170747
4.61691871078
0.447817189603
-1.4329292161
