2.64078128069
-0.686069584911
2.07319762639
0.680855118623
0.35874285192
2.25337792317
0.666467154843
-0.532617445851
1.42158541696
0.0302196081262
-0.643784310037
3.43146736337
1.92356136426
3.95760096234
1.02464407548
-0.670927788462
2.26116607139
-1.01790035536
1.54441371823
-0.736015465689
2.20582198345
4.30219612638
2.84168617997
2.89746742963
1.13194116563
1.73903204111
3.51756728787
-1.96723202277
0.805549180778
0.959220396392
0.975259941258
2.63913743309
2.11311465543
2.89697689046
-1.46315489064
-0.407621802102
-0.0992134814094
0.963731213586
3.41167773259
-0.154696532792
1.93525821119
2.36713701838
3.12073162263
1.48015698984
1.93053815124
2.12621903904
1.14565132207
2.17568738016
2.0285789882
-1.17688462331
1.64681307073
2.37654577614
-0.659976173119
2.68633604948
-1.19801308447
-0.683966677875
-0.628899112679
2.09001891987
4.49649513463
0.0503631295025
0.677376503081
3.31188684776
3.28856471958
-0.390214219662
-0.18710393334
-0.21820057784
0.391575232274
0.264226937732
-0.587855398418
2.37899157073
-1.43006984184
1.06843055128
-0.475940403843
1.13867831246
0.818734135165
2.73345211855
2.29718261314
-0.534585719005
2.83835292721
2.90571417069
4.1855119901
2.36316073939
-0.222468876403
-0.222496499958
3.04940291885
-1.5171579995
0.0335703974787
2.67976833867
3.91371574899
1.49492443447
2.20139175969
2.10626998024
-0.924156988048
-0.710614607067
-0.473273645334
1.62641486518
3.53225312055
2.27182702612
-1.15533929621
-0.979120268661
