1.46218210516
1.69685299872
3.43513372239
1.85040909782
3.0139090266
-0.421406565243
1.06377194743
1.4232185594
3.29141293965
1.70422661373
1.81384594976
-1.37983674995
1.45330894887
2.23359632745
-1.93617355856
1.98269645098
0.79590995812
-0.00873581701091
0.653641608967
-0.886207115847
-0.966172900002
0.785923783141
2.09844365194
3.8675563128
0.511947478796
-0.328510917639
-1.04712307589
0.417522222194
0.0575216457091
-0.374897815316
2.47394689089
3.95430131986
2.45244386427
0.744778971496
4.9767549014
1.22503106702
-2.38109759209
-0.0225050721112
1.34581025823
2.05984030466
2.04780071736
-0.935970615427
-0.0766165479651
3.16078265724
1.67639371305
3.49112449784
-1.91900720206
1.51169214058
1.26363615628
0.00322484788455
1.01704902418
-0.570033458844
2.59497709013
-1.67637836116
0.839730106855
-0.678732644847
-0.414823621433
2.51936744121
-0.0313701073924
1.62290194588
1.42667226353
0.616704679669
1.02015587422
1.71454142019
0.878971830679
2.8476400131
1.51410932541
0.925382667141
4.06502309864
1.1473022165
0.0916431665742
4.37426929144
-0.294311966222
0.0268692056499
2.55257401236
2.91293689636
1.28181532429
2.67257153263
0.520308799439
5.49672585938
0.38457450482
2.04633019345
-0.00920559063541
1.8743517489
0.906454788209
2.94511748113
3.37184611701
1.82407047221
-0.788640960021
2.67235929177
2.16985469599
2.44954675517
3.05596562031
1.64805792503
2.92316873566
0.257871897959
4.78930091562
4.04218808934
-0.052134999048
-0.205470969601
