0.367506110473
2.01735590907
-0.438794273794
-0.272262699063
-1.81331176912
0.578046944191
4.0694392318
0.491024871738
1.06852276008
-1.43215265555
-1.46235540241
2.21166078154
-0.478770640397
-0.806744102635
0.869408723611
0.566586350423
4.18408671183
-0.0683642426112
-0.780372822487
-0.763174261571
1.50468648985
3.04899604229
-2.31637953589
2.40339215747
3.58362046497
-0.760340274631
0.108279972047
2.10819080545
-1.8079992705
0.608346932754
2.04421304224
1.13109092984
2.4363415144
-0.884519365399
2.73189268499
0.354649100934
1.27280238034
2.9551056941
2.61730256081
0.323352950129
1.94940282622
-0.235713837713
0.192403867594
2.70568949332
3.04123245567
0.0375234219571
3.10205110152
-1.50549063991
2.69220608882
0.199330975119
-0.250781422764
-0.0259405020995
3.06095620936
-0.971083311404
1.13831619854
3.76222272999
-0.189868738532
-1.46435897472
-0.205102232965
1.42064077001
2.60069862278
2.95799009436
3.55963976746
-0.759884967244
3.50812301425
0.481513558315
2.40838548915
-0.144315571886
-0.350506849168
1.4882359151
-1.22091267761
2.58769517049
1.61760756092
0.423644333535
-1.2305633905
1.51628458371
1.22644783876
3.43533271818
1.47251121662
1.39978519806
0.693034031645
3.07926763228
2.20988045863
0.124896868443
2.17880811423
0.114403386916
1.82820789568
-1.05598916982
4.08478807259
2.68875622429
-0.456383837933
-1.19880102025
0.531917894385
0.234908995022
2.01533849489
1.58860098411
-0.812033983334
4.13818851065
-0.14610638894
2.07791727741
