1.88951791417
2.05219901345
1.91449425807
1.58287904332
1.9930613751
-0.161918773885
4.21796031458
0.605477793765
1.16365644521
-0.0365466663727
1.89481382885
1.47248160412
-0.220388007632
-0.123653652666
0.689331136278
-1.44110860295
2.47871494393
2.23972280117
0.290387277339
0.448939041945
2.47663717891
0.271876893081
0.058434307295
1.35689007336
4.55811310038
2.94746844445
1.42759522263
1.53052100982
1.99886926775
-0.932794650657
3.22851257034
2.74584740515
3.44978327949
0.96486404441
1.46566700713
1.09824070804
2.31010931272
3.18520131997
0.735496221313
1.47136329343
4.04332094181
-0.0995286818296
0.366352881524
1.37776108432
0.925728436015
1.80526332383
0.610783601972
1.39616838613
1.18015364123
2.40606388514
2.2246049882
-0.91577637143
2.07083123771
1.41077713511
0.863932374864
4.27097242966
1.60831016237
3.27938417953
-2.55507168186
1.31708663449
-0.518075671398
0.335242962026
2.62655416317
1.85808239015
0.651299408113
1.55807659247
-1.64889945004
2.63782041983
1.53698291397
-0.0349905913876
1.82557354986
-0.308315250335
3.41903788053
2.06171271435
3.42190877216
2.04501681254
0.906391321814
0.794658178259
-0.560131359218
3.61023752435
0.699892202574
2.60862390749
3.20196777956
1.7991351461
-0.636137498425
0.485828250414
0.126346087776
-1.57203177058
-0.377208309043
0.28977329824
-0.710914863718
0.164670761874
3.89819325424
1.07294682007
-0.0561413936765
1.87391870688
2.0452250105
-0.622661410376
-0.380745131014
0.520010599543
