-0.654740378097
3.19512710638
-3.32395004254
-0.647507811385
1.02079803553
-0.773969537356
-0.583198365951
2.7782742511
3.62146343022
3.40084050327
1.92756206092
2.11054738789
2.91659382886
1.90361367834
2.17845436452
4.26394805093
2.56825978684
0.507169001814
2.89930404405
-0.796584970993
0.120933505154
-0.343355863499
1.04000219694
1.5561662964
1.88003584369
0.200742930166
-0.555581557913
1.86574662354
-1.57476952076
3.41200022626
3.48929085045
-0.120819009075
-0.0938838497004
0.650768607907
-0.199426235528
1.1391116247
2.0991863611
-0.663943615005
-0.0835408448275
2.22091296643
3.8991671458
2.33630674926
-0.379911625402
2.7330548733
2.79691113847
-0.137831857538
2.10001234498
-0.941457706537
2.63998941916
2.63179972404
-1.0339399594
2.72450180684
-1.5687293755
-1.04235490443
-0.675220561329
-0.524245084306
1.50886569835
3.71454670682
0.580011706923
3.74532232388
0.683498757233
0.474850372176
2.50856737478
2.59549674806
2.27403054753
2.29114503205
1.45165052386
-0.812345598306
4.45096347462
2.54551634495
-1.36104337997
0.362371181801
0.687881764247
0.559381573264
-0.411932059979
2.06197515193
3.92665121218
1.77425452766
2.25505466497
-0.611335391021
3.46021311196
-0.131733277013
3.63682515244
1.32764286385
-1.54835555689
-1.02855243114
2.19724970873
1.79816411911
3.16418704173
3.00730983478
2.49350963763
-0.357718157831
3.33446187218
0.721337490317
0.0157997142341
2.41099264385
2.10280972488
-0.134648185666
0.228331692875
3.59489731924
