0.0771652452503
-0.775948334292
-0.417066887732
1.10110739592
3.98761297562
1.20982743455
1.03972497739
-1.01737553345
-0.179698209633
3.39676205416
2.12434432017
0.226994709033
2.50278502643
2.66360470974
0.0584369785898
-1.75292670822
-1.97960768111
2.24212557239
0.633022021638
0.455539951697
2.15308255548
-0.429113271481
-1.34062756555
0.176736002109
-0.531028916714
0.654666701844
2.71628790036
0.488471800123
1.81744470092
2.54736430913
-1.31069144371
2.18855126901
1.87165661372
1.32162292884
2.94904820664
3.12881417324
1.00601018468
2.86381205212
-0.634247649064
1.18140548758
-0.292261254581
1.9294241236
2.37727596617
0.434199674926
-0.471472644674
0.408306330894
2.22355300477
-0.800505572905
-1.09413596113
1.6725019744
1.19066562158
-1.15005532155
3.73121264116
1.81766079916
2.42693865016
0.759368710518
2.59660061697
-2.22788390762
1.09493157289
3.73152347871
1.87168481763
1.92361631295
-1.29178512298
0.00749285063266
0.249631026574
-0.81607602762
1.45047458395
0.568487619213
2.68283426729
3.0565602888
4.00020643081
2.12684424812
0.820226801205
-0.0796225397168
2.84053532009
-1.12449970375
2.59544000024
0.173332749598
-1.62387373059
1.53401079819
1.10647631681
0.812672188152
-0.180214523792
2.99907595964
1.0755089317
-0.683574869988
-1.56556038486
1.82767853422
-0.0251452733454
2.22432467219
0.780787258865
-1.08214126357
2.6259547089
-0.173283395747
-0.247363911734
-1.83061397859
1.08480825323
0.230357042992
3.94716563622
-2.10416982302
