2.59181980072
0.526125359491
-0.934549301248
0.43406614009
-1.34050535761
0.829078893441
0.565139664711
0.60766330047
0.847283755324
1.28494350011
4.30385470653
0.609715787751
3.03725587405
2.45070787631
-0.796823090211
-0.80264387879
2.95626597671
1.16380710996
0.204723395377
1.30496014033
0.464657934421
0.110776583155
0.0944968778103
0.377925039249
0.776748113082
4.06312394261
0.476515708943
1.90378949694
0.485510529401
3.25467086494
0.021233371898
2.08194827926
0.925063512099
0.0766982974995
3.93708193787
1.95569300293
0.196540363521
0.18728035688
-1.44867693412
-1.54189056252
3.03486641141
-1.08149774768
2.49016321121
1.01901690431
3.83015095484
3.30750367845
1.0841287815
-0.831509393793
0.624700159567
-1.68812288206
-2.52449259777
2.97035754624
0.245155432632
1.68514406196
-0.489847782361
0.503731362307
0.548295941342
2.26385319837
0.562736156093
2.41290562055
-0.545678749768
2.45625837271
1.05080103926
3.78025443747
-1.19650945726
-1.10943042741
1.72362726043
1.01696713543
1.6861487404
0.21320695596
0.93558570135
0.371489471298
3.06645899467
2.84368374231
0.367814391596
0.859903827044
2.28596710297
3.01190424513
4.19843916824
1.04042186723
3.76964369741
0.718540301894
-0.859341681073
1.31207352229
-0.209378121942
3.29171033829
-0.114239135355
1.41366391516
2.89934536527
2.40505676105
-1.63399159262
-1.05054775752
-0.507266698166
0.615727095891
-0.550078746166
1.76783689934
0.491746522797
-0.693876715901
2.8885121732
1.39288892812
