2.93107531659
3.13535628583
3.69971388873
-1.1254776345
3.21200305251
0.451221545719
0.367778360542
1.13325326181
0.287892808307
1.73795289848
1.30830394977
-0.272097679381
2.61328842285
1.14830151717
2.8809705847
0.143773272071
-0.396036857553
1.38712118385
1.86851589809
2.70288742436
-1.74453396764
2.53727650239
1.63856196079
1.9043348966
1.9985448564
0.456547580714
0.149737825355
1.74417865932
-0.379369384932
-0.26414030075
4.42615237631
-0.0774514172231
0.272507839965
1.47860264308
-0.799132835637
2.83146374319
0.948121821816
2.03511173172
3.08438742747
-1.01381952663
-1.57178204853
0.419929773593
-1.01674435522
-0.55440788285
-1.04077461033
2.58642282877
2.55480896126
1.0515401651
-0.500346942979
1.30905939539
-0.0245099346948
-1.10238987435
-0.818894131251
0.487750160315
2.69287449288
2.30666036895
1.80476570637
2.27947474733
0.876957176129
-0.169075599824
3.518424797
-0.906561478216
1.91739765155
2.89832745587
0.234977794724
1.80394879434
1.73748040865
0.355895064409
-1.01388598392
1.4728138957
0.0544966673973
0.75532345309
-0.280498881536
-0.285138591044
1.88196996101
-0.12685538282
-0.99756125456
-0.112243580897
4.14793005648
-0.720392477522
0.902048204011
2.03449688806
1.34898052665
-0.9218889483
2.28737194556
0.318009408592
3.27603092849
3.44714256011
2.4196935985
-1.19259989335
2.3586417116
1.77550096818
-0.28731807224
2.79644809885
-0.276408864165
1.23879088116
2.82663683501
2.34263030141
2.3620750577
2.79291396358
