-0.267651352455
3.20973597456
0.153340612447
0.306917048187
2.42266034735
2.42299096029
0.584230759384
-1.6090133387
2.78459386927
0.367714409693
2.33102909115
3.48298879613
1.75130515757
2.34052155866
0.733713493907
2.64031574462
1.90824120242
2.73414655219
-0.39757586348
3.5468145069
1.9154697891
-1.04642190961
-0.628692324414
3.814973809
1.21782926665
2.97565201953
-0.076031850319
-0.0883535462441
-0.699183655997
1.88363686966
-1.05080274379
-0.120715797945
-0.0744790412506
2.09840029576
2.73465827575
1.1816381112
1.05050824462
3.6739997813
3.0577793537
2.49142369943
0.489229838051
3.66113446929
4.55957885291
3.0811999758
2.54186393734
-0.433031164767
2.59105386658
-0.158374693331
0.746547017287
0.0782376103847
0.88238176699
2.65937144953
3.22434506435
1.81770784107
1.66652847619
3.63953744411
0.61212448635
1.59634467083
3.196161365
-0.925234928494
-0.10715911838
2.42100653367
-1.14900720811
2.85956721358
2.16999572277
1.51350022369
1.21002184163
-0.138059458104
-0.0389435530948
1.36018504351
3.90382450093
1.20452580502
2.10740143409
1.10166778849
0.327082913425
2.73240658926
1.9881100401
3.17299593094
3.53736912823
0.720771552545
3.74013882476
-0.898475530817
0.616402391881
0.743879713207
0.900884912513
3.14091242014
-0.368434829177
-0.466503288995
4.32886099608
1.81804467202
0.494894194454
2.88925183055
0.944092905162
1.75755427344
3.63324878278
1.82242979021
3.24071102504
-0.909654564453
3.43484151185
2.76269263989
