2.05804874572
-1.29121444153
-0.885624580894
0.177482692756
3.5916166403
1.81059667189
3.18789839358
2.65474592604
1.36505160273
1.82664087249
3.3051718874
4.03161271904
-0.174557538807
-0.0417284274311
-1.03673495359
-1.07077087817
1.03911314383
-0.240744554502
3.51217497409
2.48855936211
0.239627361875
-0.461537148462
2.73854231985
0.877300587503
-0.390802603523
1.14145773798
-1.48362207189
1.07722452864
2.16915491614
4.22852430068
2.02079798932
4.09946918848
1.21957960118
-1.18775182618
-0.0955919956737
0.866106689029
-1.1471758973
-2.34489650013
-0.00390453837777
1.4009330653
2.28578526042
-1.92640759983
1.5357040875
3.18939301707
2.93388505463
2.83295086335
2.15078811756
0.118966786693
3.6847700504
-0.97477240246
3.01006796014
1.49426255848
1.63565087003
-2.79441414765
1.70456127701
0.174957695177
-1.32899169735
2.24563126899
3.20971129214
3.87915103876
-1.96244032068
-0.0348009942849
-0.520173396627
4.70629696621
3.65350577916
-0.119411174431
0.372732401321
1.10953026313
0.798401600006
0.90240701884
0.20523671642
-1.10554084646
3.85329647422
2.73415768266
3.02012199273
-0.119804598196
0.427942281724
-0.698703813923
-0.755674791064
-1.02513949065
1.06674138165
1.3638219794
-0.532686090508
1.79243283844
0.164207500222
-1.23585471232
0.865986033369
0.971109957326
1.60909621625
0.181139747429
-1.84531639144
0.560999259109
0.513070129668
4.09912531963
-2.13078547518
2.03407380043
-0.116516984765
0.414226403292
0.76677578199
-0.218026040959
