-1.15340588043
0.2385719174
-1.08658137091
0.714077751049
3.44667487373
0.95099650235
-0.692468320097
1.85128052609
-0.695660279011
0.642161714321
0.963633194127
2.29239669371
-0.670544102666
3.28208701237
4.79432856412
2.34066960873
1.23043098184
0.000694822611303
3.59378109435
1.72591013782
2.67645429307
2.63877822755
1.19805873936
0.598978414527
-0.293044801151
1.73211767017
-0.179532758876
-0.0191739640885
-0.49876804402
0.874621797719
-1.2094023216
3.20663485195
-0.492062207913
1.64295023269
-1.39652286185
-1.15604015886
-1.8614317907
0.248941713551
2.80279833331
4.00151962058
0.0802774551796
2.20323567848
3.48839283457
-0.298065246919
1.62948011758
0.0387402434955
3.65572519672
0.21724466815
-1.99557677417
1.94371719048
-0.247989307311
-0.168455372082
-0.110323319657
0.262601720884
0.676890695922
3.05568528102
0.847042819613
1.12279340347
0.863896962352
1.94013913613
1.37772806179
1.34217319467
-0.070308855076
-0.167531969905
0.140798153867
1.64256944777
0.894791936574
2.48545216749
-0.970787148829
2.93670677287
1.41303977206
-1.8451419972
-0.845977520236
-0.137725207686
2.83579200653
2.00969917657
3.44949830134
2.22195452933
0.126696351718
0.5016114119
0.31939135497
-0.97518010022
2.41772516342
2.4646336412
-0.603059208409
2.86930530162
-1.4310047527
4.09101494821
-0.73174849341
3.00530557931
3.71172571665
0.691384348608
0.164640085241
2.19938354478
3.76828428427
-0.0824640471787
2.17925712094
0.848008406611
3.07753207799
1.18739006565
