1.45912000967
2.46689126938
2.94447615988
0.151124845594
4.27218435839
-2.18828221912
1.61812279162
0.315570206903
-0.657390897606
2.47699327142
-0.924162187573
-0.925999611472
1.92272129824
2.0879049958
1.54976911339
3.29733896666
-0.108141158841
2.84355233532
3.01935107321
-0.337992430471
-0.454590780637
3.85325003095
0.999285246143
-0.6458982957
0.928340001336
4.25282886587
2.73504842011
4.33462945443
1.71146000871
2.38932116397
-0.642209807887
1.91694445688
-0.234018043333
-0.394921793688
0.37046968181
0.0198460867512
-0.652812588027
2.29904681716
-3.00672457703
-0.0750863440976
1.50164138798
-0.125449100031
-1.10036348727
0.366631616704
2.02716565718
-1.16675019034
3.08963767703
0.689075306145
0.0808169018146
-1.10510273861
0.304108474387
1.28965265265
0.464256744298
1.04746627552
3.13399088984
2.49882948376
3.09879832092
3.00220094709
1.32698165599
-0.991798037444
3.9945140404
1.51420932493
1.99049657754
-1.3264442122
1.94046994979
0.598308416196
0.990636877981
1.85248559414
1.47756182275
2.6321087321
1.1202391892
3.33044976888
1.95206050476
0.467218139595
2.47088292948
0.247046782811
2.98692514625
0.634578611672
0.332827911574
0.141977188878
2.64748029707
2.4545259531
1.2513373368
-0.161572610194
3.15338565425
-1.62706186972
2.97846454382
-2.2141123094
-0.41752156634
2.05706003245
3.78653980257
-1.83374158038
2.85582503509
-0.802205729671
2.58348392322
1.08447127179
-1.14000751983
1.23277573369
2.81675197327
0.993068689742
