1.18778576145
1.17815007523
0.856597123932
2.04798456406
2.67775065767
0.165795234381
4.52459701655
3.02665279327
1.61451750684
2.17383167425
0.652658768888
4.06638960861
2.33069686453
2.07759869431
2.7048892877
1.25969531902
0.416351229529
3.29181470851
2.76720336746
3.39756490037
2.20079062292
-0.091275626661
2.87775193612
2.68122994313
4.90023546064
0.0822064676224
2.42963751186
1.4318529386
-1.33166232432
0.357473379271
0.338797181141
1.62682062595
0.614446537404
-0.768241546367
-0.258984711102
-0.692686039784
-1.69402764609
3.91089690307
1.78542747085
-0.872537697456
-0.374482462745
2.64112895776
0.908258485027
2.30142023246
0.313970776656
-0.436087028575
0.272352190324
0.741103621758
-0.610218659354
3.10419266183
1.06338202715
-1.1605814548
0.972873954279
0.859690542981
3.30747887285
3.99465883723
1.38891024849
-1.27445311665
-0.0939176788646
0.452168963197
-1.76476439385
0.900341962989
3.25742945227
0.164154960339
3.19427926675
-0.474777259545
0.990579073601
1.8034120201
2.33153833345
1.75438885646
-1.71235737807
2.31767610986
2.47498458571
0.81823067151
-0.456932515893
2.72425677396
-0.379975038796
0.320011953636
2.05441752229
5.39741779766
0.582957876859
2.90101751965
-0.112542313721
0.200097746104
3.82904582257
0.861087213656
3.0591098833
0.895400198345
3.39627210946
2.31136315885
-0.00708748998648
2.09513303472
2.18288138529
0.424597217328
2.95230576539
2.89975174527
-0.401601910729
0.415878015586
-0.753308156266
1.65461273034
