1.27866606324
1.64193063753
1.12794478343
3.08481661756
2.08891330494
4.60713879643
2.00558898924
1.30506308762
1.68607982092
1.06317156936
3.11748121622
1.69752475295
2.55587504854
2.41291812726
2.48869200274
2.82373037947
3.12623186874
1.21129905993
-0.421619824811
1.2634806299
2.61323352103
0.422871543685
1.96394036014
0.168651015081
-0.325538275021
-0.934735509161
4.87433338038
1.59868736121
1.33422426247
2.06985601977
0.595977094259
-0.370701109094
1.24926984683
1.5720520357
3.53903526034
0.229892019293
3.40079211572
2.59329653896
1.01798663895
4.08503949724
-1.24941364892
3.73814647871
2.78591570866
5.35524992055
2.13715225783
0.876826301183
3.62837497539
-1.6496936667
0.580066581082
3.83881664191
3.96874135584
2.40095868813
-2.20145868302
-1.45354477091
3.43190076921
0.6173487029
-1.22684175414
-0.78338036653
0.726322807689
-0.216228264999
-0.107988188376
0.173152456873
-0.627071779967
2.77752694177
-2.45436117457
0.419510359143
2.16038919197
0.95893952792
0.0239312055232
0.298011794973
0.379738127432
2.54261235795
0.421828723458
0.00217114436641
0.570458742742
0.162891654997
1.25974699389
3.03286126687
2.31009714769
-0.0552375157215
2.85221906991
0.331849100648
-0.871433280374
1.75030513819
0.379892699208
1.77315433571
3.22475725223
0.992779372459
1.33499496957
-0.544198082889
1.36921392502
1.79447822947
3.54355512713
3.41181550072
3.67318798673
1.72044311099
1.04702160387
2.17315126644
2.38378862707
3.38611004626
