1.80062111233
3.06006919976
-0.876725560729
0.060636955584
3.62497870894
0.464532541381
-1.37502641653
2.51225218767
-0.454646691557
0.0516075764146
-0.636083322405
1.65575343395
-1.63326517909
3.19576992968
4.88747719805
3.73996549484
4.29288292134
-1.10585251433
1.98005999488
3.88666699674
3.99501608094
0.287230166585
3.67240799095
-2.03104418378
-1.78571058024
-0.926295289213
0.0660402658543
-0.507164190362
4.70697742554
3.19287015459
0.831605992077
2.29643459251
-0.0857031316052
2.68903987245
-0.432326051724
2.36287107782
3.15526219766
0.479042991166
1.20942878337
2.21669593783
0.146759661205
-0.573314484946
0.167276492904
3.99003600589
2.36151779778
2.40636323851
-0.766720821243
-0.0110162774041
2.57379473878
1.66758116668
1.7986899545
-0.481832222447
-1.64639402827
3.01927357366
2.24282519479
-0.363159859244
-0.813255054731
2.80375893951
3.67477043946
3.60244224169
0.655512662102
-0.270755487822
3.08256393037
1.30240207024
3.3161418954
-0.787152596636
1.16393915213
1.73717337701
2.13986960733
-1.52411739688
1.55517162318
1.58884190801
-1.25497786152
-0.726416680579
1.90752336817
-0.761694965842
-0.792329426274
4.35814299032
1.65575258669
-0.272821488556
-0.0311804695487
-0.613076946642
2.72075310403
3.26599082959
-0.66448711783
1.93730575355
1.66700115374
1.11769726637
-0.846432429902
0.586526314488
-1.03750493224
0.206738949689
0.00117182128678
3.06658352289
-1.09734315609
3.02781114536
-0.709798447062
-0.0251804072196
-1.46886279773
0.338314537322
